x= [1,2,3,4,2.5];
y = [3,1,-1,-3,1];